% As burning.dat but using a different font in a larger size.
deffont 1 cmuntt 36;
put 1 -936 0 84;
put 1 17964 0 104;
put 1 36864 0 101;
put 1 55764 0 32;
put 1 74664 0 98;
put 1 93564 0 111;
put 1 112464 0 121;
put 1 131364 0 32;
put 1 150264 0 115;
put 1 169164 0 116;
put 1 188064 0 111;
put 1 206964 0 111;
put 1 225864 0 100;
put 1 244764 0 32;
put 1 263664 0 111;
put 1 282564 0 110;
put 1 301464 0 32;
put 1 320364 0 116;
put 1 339264 0 104;
put 1 358164 0 101;
put 1 377064 0 32;
put 1 395964 0 98;
put 1 414864 0 117;
put 1 433764 0 114;
put 1 452664 0 110;
put 1 471564 0 105;
put 1 490464 0 110;
put 1 509364 0 103;
put 1 528264 0 32;
put 1 547164 0 100;
put 1 566064 0 101;
put 1 584964 0 99;
put 1 603864 0 107;
put 1 622764 0 44;
put 1 641664 0 32;
put 1 660564 0 119;
put 1 679464 0 104;
put 1 698364 0 101;
put 1 717264 0 110;
put 1 736164 0 99;
put 1 755064 0 101;
put 1 773964 0 32;
put 1 792864 0 97;
put 1 811764 0 108;
put 1 830664 0 108;
put 1 849564 0 32;
put 1 868464 0 98;
put 1 887364 0 117;
put 1 906264 0 116;
put 1 925164 0 32;
put 1 944064 0 104;
put 1 962964 0 101;
put 1 981864 0 32;
put 1 1000764 0 104;
put 1 1019664 0 97;
put 1 1038564 0 100;
put 1 1057464 0 32;
put 1 1076364 0 102;
put 1 1095264 0 108;
put 1 1114164 0 101;
put 1 1133064 0 100;
put 1 1151964 0 33;
